A = 1245482
R = 0.793296
bk1 861 742 133 336
bk10a 469 455 119 378
bk10b 266 1043 140 161
bk10c 294 994 119 49
bk11 875 315 119 175
bk12 469 315 406 140
bk13 294 497 140 497
bk14a 406 1043 119 196
bk14b 434 833 294 119
bk14c 0 0 119 161
bk15a 728 868 119 266
bk15b 525 1134 336 119
bk16 0 812 126 119
bk17a 0 287 371 182
bk17b 434 0 203 182
bk18 525 952 203 182
bk19 861 623 84 119
bk2 0 679 294 133
bk20 637 0 350 182
bk21 119 0 315 140
bk3 133 812 133 315
bk4 378 182 560 133
bk5a 826 490 140 133
bk5b 861 1078 133 175
bk5c 728 637 133 231
bk6 0 931 133 315
bk7 371 315 98 182
bk8a 84 469 210 210
bk8b 0 161 378 126
bk9a 707 455 119 182
bk9b 133 1127 119 119
bk9c 588 455 119 357
bk9d 0 469 84 119
